11:7:4--11:30:14
42.337778
-71.130873
42.366393
-71.017295
11:31:16--11:51:5
42.366373
-71.017280
42.337742
-71.130743
16:42:22--16:49:39
42.337742
-71.130752
42.343170
-71.121650
30:62:62--17:7:10
42.343170
-71.121712
42.361197
-71.091150
19:37:2--19:53:50
42.361197
-71.091150
42.337715
-71.130760
20:43:58--20:54:57
42.337763
-71.130775
42.323645
-71.168502
21:47:2--21:57:37
42.323932
-71.166640
42.337571
-71.129999
0:14:11--0:31:40
42.337571
-71.129991
42.337657
-71.130317
1:59:34--2:6:9
42.337645
-71.130500
42.343597
-71.120880
2:13:3--2:35:57
42.343597
-71.120880
42.337574
-71.130015
