11:18:7--11:43:40
42.337586
-71.129996
42.270495
-71.324287
13:15:48--13:26:8
42.270412
-71.324112
42.296172
-71.295662
14:32:6--15:4:28
42.296077
-71.295547
42.346160
-71.120567
15:25:12--15:31:51
42.346125
-71.120597
42.337683
-71.130630
19:55:22--20:30:54
42.337642
-71.130690
42.261352
-71.366462
22:15:53--22:26:27
42.261393
-71.366485
42.296443
-71.294760
22:34:6--22:50:12
42.296500
-71.294830
42.323852
-71.165572
23:31:36--23:41:46
42.324538
-71.165473
42.337680
-71.130637
1:22:40--1:30:7
42.338908
-71.135848
42.328055
-71.115913
1:32:59--1:39:23
42.328043
-71.115875
42.337585
-71.130016
