13:5:14--13:42:13
42.338897
-71.135742
42.460842
-71.149352
15:28:50--16:6:58
42.460836
-71.149257
42.310322
-71.166075
17:0:51--17:21:8
42.310337
-71.166053
42.336097
-71.127868
17:30:46--17:39:1
42.336097
-71.127868
42.344482
-71.134368
18:7:49--18:13:27
42.337715
-71.130775
42.333495
-71.118178
18:28:15--18:36:18
42.333392
-71.118270
42.321857
-71.161330
20:51:30--20:57:28
42.321845
-71.161392
42.334220
-71.136550
21:49:2--21:56:38
42.339923
-71.136000
42.337703
-71.130615
22:13:44--22:36:55
42.337665
-71.130675
42.346377
-71.257552
23:20:5--23:31:37
42.346237
-71.257453
42.330275
-71.192977
23:34:7--23:42:54
42.330298
-71.192932
42.338878
-71.136512
