17:30:0--17:56:7
42.337585
-71.129988
42.369652
-71.085928
18:0:15--18:17:11
42.369620
-71.085892
42.315123
-71.134742
20:25:34--20:31:31
42.315052
-71.134742
42.331107
-71.135925
20:38:42--20:49:0
42.331107
-71.135932
42.343517
-71.120650
21:1:25--21:16:41
42.343502
-71.120682
42.369282
-71.087127
21:21:12--21:37:39
42.369250
-71.087065
42.337698
-71.130707
22:27:27--22:41:41
42.337715
-71.130728
42.311275
-71.134437
1:7:46--1:13:25
42.311550
-71.135085
42.327617
-71.124533
1:48:17--1:56:3
42.327507
-71.124725
42.338896
-71.135707
