13:8:23--13:13:35
42.337547
-71.129997
42.337683
-71.130630
13:14:2--13:43:27
42.337665
-71.130598
42.254272
-71.069350
13:49:41--14:0:55
42.254227
-71.069327
42.258625
-71.040092
16:54:6--17:3:0
42.258537
-71.039977
42.254195
-71.069900
18:3:8--18:29:53
42.254367
-71.069762
42.331092
-71.135910
19:13:8--19:20:50
42.331038
-71.135932
42.315147
-71.134750
22:36:26--22:43:44
42.315052
-71.134765
42.337715
-71.130630
23:41:54--0:16:35
42.338015
-71.130698
42.392078
-71.131195
2:14:50--2:44:49
42.392070
-71.131225
42.342670
-71.123435
3:16:25--3:22:3
42.342570
-71.123405
42.337562
-71.130007
