15:21:47--15:29:16
42.337568
-71.130002
42.343585
-71.120848
16:28:13--16:38:41
42.345630
-71.117142
42.345592
-71.117133
17:18:7--17:25:49
42.343780
-71.121513
42.337683
-71.130462
30:62:62--18:34:42
42.337725
-71.130447
42.323150
-71.168937
18:40:35--18:45:58
42.323238
-71.168830
42.305527
-71.176825
18:56:4--19:45:29
42.305542
-71.176765
42.516055
-71.698050
20:14:20--21:4:31
42.516268
-71.698012
42.319057
-71.179648
21:35:34--21:42:24
42.320057
-71.175033
42.323452
-71.162505
21:54:26--22:0:6
42.323458
-71.162597
42.324493
-71.119453
23:21:53--23:27:27
42.324440
-71.119399
42.337559
-71.129974
